2 127
23 127
46 125
68 125
94 127
112 127
123 129
138 132
149 131
162 133
180 133
196 134
213 134
231 135
251 136
269 137
289 137
305 138
321 140
340 144
362 147
383 151
398 153
414 157
430 163
445 168
459 173
474 178
483 181
493 186
506 196
514 203
523 212
528 223
529 235
529 249
529 262
530 271
524 278
516 287
508 293
499 302
486 305
475 305
462 306
455 305
443 304
429 304
413 301
400 298
384 294
369 291
358 288
340 285
327 281
312 276
298 272
283 269
266 268
251 264
226 264
199 262
181 265
166 269
150 275
133 283
119 293
105 306
94 318
87 330
79 344
73 360
69 379
72 398
78 416
83 430
89 440
95 448
102 455
111 459
127 465
144 469
155 470
174 471
190 467
210 462
223 446
233 438
247 427
254 421
272 408
287 401
301 391
322 388
342 387
367 387
385 387
400 391
419 396
435 402
447 410
462 421
474 433
481 445
484 459
486 476
487 489
484 502
478 513
472 520
461 526
449 529
433 527
423 526
400 523
383 520
364 518
345 516
331 520
318 524
311 533
311 546
301 557
297 575
296 588
297 595
